1,-0.018252,0.0238524,-0.0079292702,-0.00029777701,0.00255629,0.017571701
-0.018252,1,0.90892798,0.93290299,0.88541901,0.85410899,0.80571198
0.0238524,0.90892798,1,0.88015699,0.92300999,0.83645099,0.87312102
-0.0079292702,0.93290299,0.88015699,1,0.94766098,0.94492698,0.88882297
-0.00029777701,0.88541901,0.92300999,0.94766098,1,0.91508001,0.94476199
0.00255629,0.85410899,0.83645099,0.94492698,0.91508001,1,0.94266099
0.017571701,0.80571198,0.87312102,0.88882297,0.94476199,0.94266099,1 
